// Game: Adventure Platformer
// Format: Standard
// entity 0
{
"classname" "worldspawn"
"_tb_mod" "textures"
"_tb_textures" "textures"
// brush 0
{
( -768 -608 -416 ) ( -768 -607 -416 ) ( -768 -608 -415 ) Grass 0 0 0 1 1
( -96 -96 32 ) ( -96 -32 480 ) ( -704 -320 32 ) Grass 0 0 0 1 1
( -512 -608 -416 ) ( -512 -608 -415 ) ( -511 -608 -416 ) Grass 0 0 0 1 1
( -512 -608 -416 ) ( -511 -608 -416 ) ( -512 -607 -416 ) Grass 0 0 0 1 1
( -96 352 32 ) ( -96 353 32 ) ( -95 352 32 ) Grass 0 0 0 1 1
( -96 352 -384 ) ( -96 352 -383 ) ( -96 353 -384 ) Grass 0 0 0 1 1
}
// brush 1
{
( -768 -608 -416 ) ( -768 -607 -416 ) ( -768 -608 -415 ) Grass 0 0 0 1 1
( -512 -608 -416 ) ( -511 -608 -416 ) ( -512 -607 -416 ) Grass 0 0 0 1 1
( -96 352 -96 ) ( -96 353 -96 ) ( -95 352 -96 ) Grass 0 0 0 1 1
( -96 352 -384 ) ( -95 352 -384 ) ( -96 352 -383 ) Grass 0 0 0 1 1
( -96 -96 32 ) ( -704 -320 32 ) ( -96 -32 480 ) Grass 0 0 0 1 1
( -96 352 -384 ) ( -96 352 -383 ) ( -96 353 -384 ) Grass 0 0 0 1 1
}
// brush 2
{
( -96 352 -384 ) ( -96 353 -384 ) ( -96 352 -383 ) Grass 0 0 0 1 1
( -512 -608 -416 ) ( -511 -608 -416 ) ( -512 -607 -416 ) Grass 0 0 0 1 1
( -96 352 -288 ) ( -96 353 -288 ) ( -95 352 -288 ) Grass 0 0 0 1 1
( 160 160 -288 ) ( 160 160 -416 ) ( 288 160 -416 ) Grass 0 0 0 1 1
( -96 -96 32 ) ( -704 -320 32 ) ( -96 -32 480 ) Grass 0 0 0 1 1
( 160 352 -384 ) ( 160 352 -383 ) ( 160 353 -384 ) Grass 0 0 0 1 1
}
// brush 3
{
( -96 352 -384 ) ( -96 353 -384 ) ( -96 352 -383 ) Grass 0 0 0 1 1
( 160 160 -288 ) ( 288 160 -416 ) ( 160 160 -416 ) Grass 0 0 0 1 1
( -512 -608 -416 ) ( -511 -608 -416 ) ( -512 -607 -416 ) Grass 0 0 0 1 1
( -96 352 -192 ) ( -96 353 -192 ) ( -95 352 -192 ) Grass 0 0 0 1 1
( -96 352 -384 ) ( -95 352 -384 ) ( -96 352 -383 ) Grass 0 0 0 1 1
( 160 352 -384 ) ( 160 352 -383 ) ( 160 353 -384 ) Grass 0 0 0 1 1
}
}
