// Game: Adventure Platformer
// Format: Standard
// entity 0
{
"classname" "worldspawn"
// brush 0
{
( -80 -64 -16 ) ( -80 -63 -16 ) ( -80 -64 -15 ) __TB_empty 0 0 0 1 1
( -64 -80 -16 ) ( -64 -80 -15 ) ( -63 -80 -16 ) __TB_empty 0 0 0 1 1
( -64 -64 -16 ) ( -63 -64 -16 ) ( -64 -63 -16 ) __TB_empty 0 0 0 1 1
( 64 64 1008 ) ( 64 65 1008 ) ( 65 64 1008 ) __TB_empty 0 0 0 1 1
( 64 160 16 ) ( 65 160 16 ) ( 64 160 17 ) __TB_empty 0 0 0 1 1
( 160 64 16 ) ( 160 64 17 ) ( 160 65 16 ) __TB_empty 0 0 0 1 1
}
}
